13556,4
13556,3
13556,2
0,390
13556,1
13556,0
0,389
0,388
0,387
0,386
13555,4
13555,3
13555,2
0,385
13555,1
13555,0
0,384
0,383
0,382
13554,4
13554,3
13554,2
0,381
13554,1
13554,0
0,380
0,379
0,378
0,377
0,376
13553,4
13553,3
13553,2
0,375
13553,1
13553,0
0,374
0,373
13552,4
13552,3
13552,2
0,372
13552,1
13552,0
0,371
0,370
13551,4
13551,3
13551,2
0,369
13551,1
13551,0
0,368
0,367
0,366
13550,4
13550,3
13550,2
0,365
13550,1
13550,0
0,364
0,363
13549,4
13549,3
13549,2
0,362
13549,1
13549,0
0,361
0,360
0,359
0,358
0,357
13548,4
13548,3
13548,2
0,356
13548,1
13548,0
0,355
0,354
13547,4
13547,3
13547,2
0,353
13547,1
13547,0
0,352
0,351
0,350
0,349
13546,4
13546,3
13546,2
0,348
13546,1
13546,0
0,347
0,346
13545,4
13545,3
13545,2
0,345
13545,1
13545,0
0,344
0,343
13544,4
13544,3
